000 0001 1 1
001 0011 1 1
001 0012 1 2
003 0030 2 1
003 0031 2 2
004 0041 2 1
004 0042 2 2
005 0051 1 1
008 0080 2 1
008 0081 2 2
009 0091 2 1
009 0092 2 2
012 0121 2 1
013 0131 2 1
014 0141 2 1
015 0151 1 1
016 0161 2 1
017 0171 2 1
018 0181 1 1
019 0191 1 1
022 0221 2 1
023 0231 2 1
024 0241 2 1
025 0251 2 1
026 0261 2 1
027 0271 2 1
028 0281 2 1
029 0291 2 1
030 0301 1 1
030 0302 1 2
031 0311 1 1
031 0312 1 2
032 0321 2 1
033 0331 2 1
034 0341 2 1
035 0351 2 1
036 0361 2 1
037 0371 2 1
038 0381 2 1
039 0391 2 1
040 0401 1 1
041 0411 1 1
050 0501 1 1
050 0502 1 2
050 0503 1 3
050 0504 1 4
051 0511 1 1
051 0512 1 2
051 0513 1 3
051 0514 1 4
060 0601 1 1
061 0611 1 1
062 0621 1 1
062 0622 1 2
063 0631 1 1
063 0632 1 2
070 0701 1 1
071 0711 1 1
071 0712 1 2
080 0801 1 1
081 0811 1 1
081 0812 1 2
090 0901 1 1
091 0911 1 1
100 1001 1 1
101 1011 1 1
120 1201 1 1
121 1211 1 1
121 1212 1 2
130 1301 1 1
130 1302 1 2
130 1303 1 3
131 1311 1 1
131 1312 1 2
136 1361 2 1
137 1371 2 1
138 1381 2 1
139 1391 2 1
140 1401 1 1
140 1402 1 2
140 1403 1 3
141 1411 1 1
141 1412 1 2
141 1413 1 3
141 1414 1 4
150 1501 1 1
150 1502 1 2
151 1511 1 1
151 1512 1 2
158 2521 2 1
158 2532 2 2
160 1601 1 1
161 1611 1 1
161 1612 1 2
170 1701 1 1
170 1702 1 2
171 1711 1 1
171 1712 1 2
187 1871 1 1
188 1881 2 1
189 1891 2 1
190 1901 1 1
191 1911 1 1
192 1921 1 1
210 2101 1 1
211 2111 1 1
220 2201 1 1
221 2211 1 1
221 2212 1 2
221 2213 1 3
228 2281 1 1
228 2282 1 2
231 2311 1 1
231 2312 1 2
242 2421 3 1
243 2431 3 1
244 2442 3 1
245 2451 3 1
245 2452 3 2
246 2461 3 1
247 2471 3 1
248 2481 3 1
248 2482 3 4
249 2491 3 1
250 2501 1 1
251 2511 1 1
251 2512 1 2
252 2521 2 1
252 2522 2 2
252 2523 2 3
253 2531 2 1
253 2532 2 2
253 2533 2 3
254 2521 2 1
254 2522 2 2
254 2523 2 3
255 2531 2 1
255 2532 2 2
255 2533 2 3
256 2531 2 1
256 2532 2 2
256 2533 2 3
257 2531 2 1
257 2532 2 2
257 2533 2 3
258 2531 2 1
258 2532 2 2
258 2533 2 3
259 2531 2 1
259 2532 2 2
259 2533 2 3
262 2621 3 1
262 2622 3 2
263 2632 3 1
263 2632 3 2
264 2642 3 1
264 2642 3 2
265 2651 3 1
265 2652 3 2
266 2661 3 1
266 2662 3 2
267 2671 3 1
267 2672 3 2
268 2681 3 1
268 2682 3 2
269 2692 3 2
272 2721 3 1
272 2722 3 4
273 2731 3 1
273 2732 3 2
274 2721 3 1
274 2722 3 2
274 2731 3 3
274 2732 3 4
275 2751 3 1
276 2761 3 1
277 2772 3 2
278 2781 3 1
278 2782 3 4
279 2792 3 2
283 2831 1 1
283 2832 1 2
284 2841 1 1
285 2851 1 1
285 2852 1 2
286 2861 1 1
287 2871 1 1
287 2872 1 2
288 2881 1 1
288 2882 3 2
289 2891 3 1
289 2892 3 4
295 2951 3 1
297 5571 2 1
297 2971 2 2
298 5571 2 1
298 2971 2 2
298 4781 2 3
300 9101 1 1
300 3002 1 2
301 3011 1 1
308 3081 3 1
310 3101 1 1
311 3111 1 1
312 3121 3 1
312 3122 3 2
312 3123 3 3
312 3124 3 4
313 3131 3 1
313 3132 3 2
313 3133 3 3
313 3134 3 4
314 3141 3 1
315 3151 3 1
315 3152 3 2
316 3161 3 2
316 3162 3 4
317 3161 3 0
317 3162 3 1
317 3171 3 2
317 3172 3 4
318 3181 3 1
319 3191 3 1
320 9101 1 1
320 3202 1 2
321 3211 1 1
322 3221 1 1
323 3231 2 1
324 3241 1 1
325 3251 2 1
330 3301 1 1
331 3311 1 1
331 3312 1 2
338 3381 3 1
339 3391 3 1
340 3401 1 1
341 3411 1 1
350 3501 1 1
351 3511 1 1
352 3521 3 1
354 3541 3 1
356 3561 3 1
357 3571 3 1
358 3581 3 1
359 3591 3 1
360 3601 1 1
361 3611 1 1
365 3651 1 1
365 3652 1 2
366 3661 1 1
366 3662 1 2
367 3671 1 1
367 3672 1 2
368 3681 1 1
368 3682 1 2
370 3701 1 1
375 3751 1 1
376 3761 1 1
377 3771 1 1
378 3781 1 1
379 3791 1 1
380 3801 1 1
380 3802 1 2
380 3803 1 3
381 3811 1 1
381 3812 1 2
381 3813 1 3
381 3814 1 4
381 3815 1 5
381 3816 1 6
381 3817 1 7
381 3818 1 8
382 3821 1 1
385 3851 1 1
386 3861 1 1
387 3871 1 1
388 3881 1 1
390 3901 1 1
391 3911 1 1
400 4001 1 1
401 4011 1 1
410 4101 1 1
411 4111 1 1
411 4112 1 2
412 4121 1 1
412 4122 1 2
413 4131 1 1
413 4132 1 2
414 4141 1 1
415 4151 1 1
420 4201 1 1
421 4211 1 1
421 4212 1 2
424 4241 1 1
424 4242 1 2
425 4251 1 1
425 4252 1 2
427 4271 1 1
427 4272 1 2
428 4281 1 1
428 4282 1 2
429 4291 1 1
429 4292 1 2
430 4301 1 1
431 4311 1 1
431 4312 1 2
432 4321 1 1
432 4322 1 2
433 4331 1 1
433 4332 1 2
434 4341 1 1
434 4342 1 2
435 4351 1 1
435 4352 1 2
436 4361 1 1
436 4362 1 2
437 4371 1 1
437 4372 1 2
438 4381 1 1
438 4382 1 2
439 4391 1 1
439 4392 1 2
442 4421 1 1
442 4422 1 2
443 4431 1 1
443 4432 1 2
444 4441 1 1
444 4442 1 2
445 4451 1 1
445 4452 1 2
448 4481 1 1
449 4491 1 1
450 4501 1 1
451 4511 1 1
453 4531 1 1
460 4601 1 1
461 4611 1 1
461 4612 1 2
462 4621 3 1
463 4631 3 4
464 4641 3 1
465 2769 3 1
465 4651 3 2
465 4652 3 4
466 4661 3 1
467 4671 1 1
468 2769 3 1
468 4681 3 4
474 4741 2 1
475 4751 3 1
475 4752 3 2
477 5571 2 1
477 5561 2 2
477 4771 2 3
478 5571 2 1
478 5561 2 2
478 4781 2 3
479 4791 2 1
480 4801 1 1
481 4811 1 1
487 4871 3 1
487 4872 3 2
488 4881 3 1
488 4882 3 2
489 4891 2 1
490 4901 3 1
490 4902 3 2
491 4911 3 1
491 4912 3 2
492 4921 3 1
493 4931 3 4
494 4941 3 1
494 4942 3 2
495 2769 3 1
495 4951 3 4
496 4961 3 1
497 4971 3 1
497 4972 3 2
498 4981 3 1
499 4991 3 1
520 5201 1 1
521 5211 1 1
522 5221 1 1
522 5222 1 2
523 5231 1 1
523 5232 1 2
524 5241 1 1
524 5242 1 2
525 5251 1 1
525 5252 1 2
530 5301 1 1
531 5311 1 1
550 5501 1 1
551 5511 1 1
551 5512 1 2
551 5513 1 3
551 5514 1 4
551 5515 1 5
552 5521 1 1
553 5531 1 1
553 5531 1 1
553 5532 1 2
553 5533 1 3
553 5534 1 4
554 5541 1 1
554 5541 1 1
554 5542 1 2
554 5543 1 3
554 5544 1 4
555 5551 1 1
555 5551 1 1
555 5552 1 2
555 5553 1 3
555 5554 1 4
556 5561 2 1
557 5571 2 1
558 5581 2 1
559 5591 2 1
560 5601 1 1
561 5611 1 1
561 5612 1 2
562 5621 1 1
562 5622 1 2
563 5631 1 1
563 5632 1 2
564 5641 1 1
564 5642 1 2
565 5651 1 1
565 5652 1 2
566 5661 1 1
566 5662 1 2
567 5671 1 1
567 5672 1 2
568 5681 1 1
568 5682 1 2
569 5691 1 1
569 5692 1 2
572 5721 1 1
572 5722 1 2
573 5731 1 1
573 5732 1 2
574 5741 1 1
574 5742 1 2
575 5751 1 1
575 5752 1 2
576 5761 1 1
576 5762 1 2
577 5771 1 1
577 5772 1 2
578 5781 1 1
578 5782 1 2
579 5791 1 1
579 5792 1 2
580 5801 1 1
581 5811 1 1
581 5812 1 2
581 5813 1 3
581 5814 1 4
581 5815 1 5
583 5831 1 1
583 5832 1 2
584 5841 1 1
584 5842 1 2
585 5851 1 1
585 5852 1 2
586 5861 1 1
586 5862 1 2
587 5871 1 1
587 5872 1 2
588 5881 1 1
588 5882 1 2
589 5891 1 1
589 5892 1 2
592 5921 1 1
592 5922 1 2
598 5981 1 1
598 5982 1 2
599 5991 1 1
599 5992 1 2
600 8601 1 1
600 8602 1 2
610 8611 1 1
620 8621 1 1
620 8622 1 2
620 8623 1 3
630 8631 1 1
630 8632 1 2
640 8641 1 1
640 8642 1 2
650 8651 2 1
660 8661 2 1
670 8671 1 1
680 8681 1 1
680 8682 1 2
680 8683 1 3
680 8684 1 4
680 8685 1 5
690 8691 1 1
700 8701 1 1
710 8711 1 1
710 8712 1 2
720 8721 1 1
730 5501 1 1
740 8741 1 1
740 8742 1 2
740 8743 1 3
750 9101 1 1
750 9102 1 2
760 8761 1 1
760 8762 1 2
760 8763 1 3
760 8764 1 4
770 9201 1 1
770 9102 1 1
790 8791 1 1
800 8011 1 1
810 8101 1 1
810 8102 1 2
810 8103 1 3
810 8104 1 4
840 8841 1 1
850 8841 1 1
860 8607 1 1
870 8871 1 1
880 8881 1 1
890 8891 1 1
900 8771 1 1
900 8772 1 2
920 8921 1 1
920 8922 1 2
920 8923 1 3
920 8924 1 4
920 8925 1 5
920 8926 1 6
920 8927 1 7
930 8931 1 1
930 8932 1 2
930 8933 1 3
930 8934 1 4
930 8935 1 5
930 8936 1 6
930 8937 1 7
940 8940 1 1
999 9999 1 1
999 9999 1 2